200000000220000000000002
000000000000022000000000
000000000000000000000000
100000000020000100000000
000000200020001000002002
000100120000000022202102
000200002000000000020000
000000022000000020022000
000000220000000000000000
000000200200022000000000
020021000200002210000000
000000000000000000000000
000000000000000000000000
000000000020001200122000
000012000000000000002000
000022000000000000000000
100000000000000002210000
220002200000000002000000
000001200000000222200000
000002020020020001000002
000022000220010020000000
000000000000000000000000
000000000000000000000000
200001200000000002200002
